5.541000000000000369e-01 2.389000000000000012e-01
-4.037999999999999923e-01 1.030999999999999972e-01
6.640000000000000346e-01 -4.732999999999999985e-01
-1.779999999999999916e-01 5.779999999999999583e-01
-1.174900000000000055e+00 1.000999999999999945e-01
1.761000000000000065e-01 -9.607999999999999874e-01
2.424000000000000044e-01 -6.561000000000000165e-01
8.849000000000000199e-01 5.436999999999999611e-01
9.372000000000000330e-01 5.495999999999999774e-01
2.074000000000000010e-01 -8.556000000000000272e-01
4.396999999999999797e-01 1.026100000000000012e+00
7.995999999999999774e-01 3.099999999999999978e-01
-1.016799999999999926e+00 1.242000000000000048e-01
-5.294999999999999707e-01 -6.513999999999999790e-01
6.749000000000000554e-01 -4.619999999999999801e-02
-6.814000000000000057e-01 3.002000000000000224e-01
-2.366999999999999937e-01 -7.863999999999999879e-01
-9.180000000000000382e-01 8.608999999999999986e-01
-3.972999999999999865e-01 -1.010999999999999899e+00
6.958999999999999631e-01 -5.700000000000000205e-03
-3.024000000000000021e-01 8.827000000000000401e-01
1.079599999999999893e+00 6.179000000000000048e-01
-2.549999999999999836e-02 -7.662999999999999812e-01
6.919999999999999762e-02 -8.456000000000000183e-01
2.567999999999999727e-01 1.228599999999999914e+00
6.390000000000000124e-01 7.518000000000000238e-01
-3.160999999999999921e-01 -4.400000000000000022e-01
9.937000000000000277e-01 1.799999999999999933e-01
-2.515999999999999903e-01 1.333599999999999897e+00
8.977000000000000535e-01 5.455999999999999739e-01
-8.326000000000000068e-01 2.975999999999999757e-01
5.210000000000000048e-02 -9.986000000000000432e-01
7.839999999999999747e-02 -8.751999999999999780e-01
-8.105999999999999872e-01 4.546000000000000041e-01
5.920000000000000262e-02 -6.489000000000000323e-01
-8.813999999999999613e-01 1.449999999999999900e-01
6.854999999999999982e-01 -2.906000000000000250e-01
-5.752000000000000446e-01 5.387999999999999456e-01
-1.077800000000000091e+00 9.462000000000000410e-01
6.530000000000000249e-01 8.764999999999999458e-01
1.088700000000000001e+00 4.616999999999999993e-01
-6.852000000000000313e-01 -5.299000000000000377e-01
-7.312999999999999501e-01 5.495999999999999774e-01
6.932000000000000384e-01 1.014000000000000040e-01
-2.416000000000000092e-01 6.595999999999999641e-01
-8.324000000000000288e-01 -7.493999999999999551e-01
7.033000000000000362e-01 8.738000000000000211e-01
8.820000000000000062e-01 -1.049500000000000099e+00
8.151000000000000467e-01 2.407999999999999863e-01
7.030000000000000138e-02 -1.130400000000000071e+00
-9.302000000000000268e-01 -1.007300000000000084e+00
-5.626999999999999780e-01 8.754999999999999449e-01
8.698000000000000176e-01 -3.337999999999999856e-01
1.389699999999999935e+00 -8.599999999999999867e-01
-1.541099999999999914e+00 -6.268000000000000238e-01
-7.102000000000000535e-01 6.802000000000000268e-01
-4.469000000000000195e-01 -7.463999999999999524e-01
1.213799999999999990e+00 -4.879000000000000004e-01
-8.899000000000000243e-01 4.278000000000000136e-01
6.802000000000000268e-01 7.788000000000000478e-01
-8.145999999999999908e-01 3.340000000000000191e-01
-6.682000000000000162e-01 6.882000000000000339e-01
-6.564999999999999725e-01 -2.069000000000000006e-01
5.342999999999999972e-01 -9.226999999999999647e-01
6.600000000000000311e-02 -1.227800000000000002e+00
2.439999999999999947e-01 -9.808000000000000052e-01
-9.041000000000000147e-01 4.843000000000000083e-01
1.605000000000000038e-01 -7.380999999999999783e-01
8.995999999999999552e-01 8.269999999999999574e-01
-9.187999999999999501e-01 -1.001500000000000057e+00
1.426700000000000079e+00 4.680000000000000132e-02
7.367000000000000215e-01 4.141000000000000236e-01
8.011000000000000343e-01 4.804999999999999827e-01
1.209999999999999964e-01 1.315499999999999892e+00
8.748000000000000220e-01 -5.550000000000000488e-01
-9.254999999999999893e-01 1.038000000000000034e-01
1.049099999999999921e+00 3.174000000000000155e-01
-7.989000000000000545e-01 1.325399999999999912e+00
6.189999999999999947e-01 1.804999999999999938e-01
1.484999999999999931e-01 -9.231000000000000316e-01
1.032100000000000017e+00 -5.779999999999999721e-02
1.342000000000000137e-01 1.010899999999999910e+00
-1.007300000000000084e+00 2.526999999999999802e-01
1.169100000000000028e+00 3.053000000000000158e-01
-5.626999999999999780e-01 9.506000000000000005e-01
-1.849000000000000088e-01 -6.613999999999999879e-01
4.395000000000000018e-01 1.077900000000000080e+00
-6.139000000000000012e-01 6.884000000000000119e-01
-4.007999999999999896e-01 -3.861999999999999877e-01
-3.422000000000000042e-01 6.151999999999999691e-01
2.281999999999999862e-01 -6.626999999999999558e-01
-1.269200000000000106e+00 -7.993000000000000105e-01
1.052400000000000002e+00 9.332000000000000295e-01
-7.112000000000000544e-01 -1.537000000000000033e-01
5.019000000000000128e-01 9.700000000000000289e-03
1.058400000000000007e+00 4.217000000000000193e-01
-9.660000000000000531e-02 -9.383000000000000229e-01
7.528000000000000247e-01 6.822000000000000286e-01
-3.966999999999999971e-01 6.637999999999999456e-01
1.078200000000000047e+00 -5.533000000000000140e-01
-1.726000000000000034e-01 -6.856999999999999762e-01
-6.790000000000000480e-01 -7.156000000000000139e-01
-1.696999999999999897e-01 8.163000000000000256e-01
6.314999999999999503e-01 4.313000000000000167e-01
-3.189999999999999780e-02 -9.866000000000000325e-01
1.180600000000000094e+00 4.429999999999999910e-02
6.124000000000000554e-01 3.745999999999999885e-01
-1.818200000000000038e+00 -2.610000000000000167e-02
8.723999999999999533e-01 3.044999999999999929e-01
9.910999999999999810e-01 -1.214999999999999969e-01
-1.227500000000000036e+00 1.028200000000000003e+00
1.920000000000000040e-01 -1.125499999999999945e+00
-2.823999999999999844e-01 1.220099999999999962e+00
-4.867000000000000215e-01 3.957999999999999852e-01
1.799999999999999933e-01 -6.734999999999999876e-01
-1.262199999999999989e+00 -4.540000000000000285e-02
-2.305999999999999994e-01 -5.463000000000000078e-01
-7.105000000000000204e-01 4.580000000000000182e-01
-1.029600000000000071e+00 1.770000000000000046e-02
-4.880999999999999783e-01 -8.505000000000000338e-01
7.859000000000000430e-01 7.379000000000000004e-01
1.597999999999999976e-01 1.134800000000000031e+00
-9.751999999999999558e-01 -9.910999999999999810e-01
4.894999999999999907e-01 -3.281999999999999917e-01
-9.948000000000000176e-01 5.573000000000000176e-01
-9.197999999999999510e-01 6.797999999999999599e-01
-1.099299999999999944e+00 -4.263000000000000123e-01
-4.833000000000000074e-01 4.205999999999999739e-01
5.795000000000000151e-01 -6.690000000000000113e-02
6.465999999999999526e-01 1.074600000000000000e+00
4.218999999999999972e-01 3.296999999999999931e-01
-5.032999999999999696e-01 1.213200000000000056e+00
